arestas = [
     [1, 0, 85],
     [2, 0, 59],
     [2, 1, 89],
     [3, 0, 34],
     [3, 1, 57],
     [3, 2, 59],
     [4, 1, 44],
     [4, 3, 73],
     [5, 0, 73],
     [5, 1, 67],
     [5, 4, 48],
     [6, 1, 34],
     [6, 2, 42],
     [6, 3, 40],
     [6, 4, 77],
     [6, 5, 60],
     [7, 1, 32],
     [7, 2, 65],
     [7, 3, 37],
     [7, 4, 62],
     [7, 6, 64],
     [8, 1, 31],
     [8, 2, 86],
     [8, 3, 51],
     [8, 4, 32],
     [8, 6, 40],
     [9, 0, 80],
     [9, 2, 77],
     [9, 6, 64],
     [10, 0, 51],
     [10, 3, 66],
     [10, 6, 57],
     [10, 7, 79],
     [10, 8, 30],
     [10, 9, 78],
     [11, 0, 37],
     [11, 1, 73],
     [11, 3, 33],
     [11, 4, 45],
     [11, 5, 38],
     [11, 7, 58],
     [11, 8, 87],
     [11, 9, 69],
     [12, 1, 76],
     [12, 4, 48],
     [12, 7, 61],
     [12, 8, 88],
     [12, 9, 79],
     [12, 10, 62],
     [13, 0, 73],
     [13, 1, 70],
     [13, 2, 70],
     [13, 5, 53],
     [13, 6, 74],
     [13, 7, 52],
     [13, 8, 77],
     [13, 9, 66],
     [14, 0, 60],
     [14, 3, 57],
     [14, 5, 79],
     [14, 6, 63],
     [14, 7, 59],
     [14, 10, 39],
     [14, 13, 64],
     [15, 0, 55],
     [15, 1, 44],
     [15, 2, 71],
     [15, 3, 51],
     [15, 4, 70],
     [15, 5, 89],
     [15, 7, 42],
     [15, 8, 34],
     [15, 9, 70],
     [15, 10, 45],
     [15, 11, 77],
     [15, 12, 89],
     [15, 13, 46],
     [16, 0, 49],
     [16, 1, 68],
     [16, 2, 45],
     [16, 4, 84],
     [16, 7, 54],
     [16, 8, 56],
     [16, 9, 42],
     [16, 11, 69],
     [16, 13, 83],
     [16, 14, 77],
     [17, 2, 39],
     [17, 3, 31],
     [17, 5, 40],
     [17, 6, 70],
     [17, 7, 66],
     [17, 9, 48],
     [17, 11, 89],
     [17, 12, 46],
     [17, 14, 49],
     [17, 15, 43],
     [18, 0, 39],
     [18, 1, 87],
     [18, 3, 67],
     [18, 4, 74],
     [18, 5, 69],
     [18, 7, 31],
     [18, 8, 89],
     [18, 10, 71],
     [18, 12, 76],
     [18, 14, 45],
     [19, 0, 43],
     [19, 1, 68],
     [19, 3, 74],
     [19, 4, 46],
     [19, 5, 84],
     [19, 6, 72],
     [19, 7, 86],
     [19, 8, 88],
     [19, 10, 50],
     [19, 11, 77],
     [19, 14, 78],
     [19, 15, 33],
     [19, 18, 38],
     [20, 0, 33],
     [20, 1, 88],
     [20, 2, 46],
     [20, 3, 75],
     [20, 4, 51],
     [20, 5, 78],
     [20, 6, 50],
     [20, 7, 72],
     [20, 8, 64],
     [20, 9, 67],
     [20, 11, 70],
     [20, 13, 84],
     [20, 14, 44],
     [20, 15, 66],
     [20, 16, 43],
     [20, 19, 60],
     [21, 0, 35],
     [21, 1, 79],
     [21, 2, 54],
     [21, 3, 82],
     [21, 5, 48],
     [21, 7, 73],
     [21, 8, 59],
     [21, 9, 48],
     [21, 10, 58],
     [21, 11, 32],
     [21, 12, 56],
     [21, 13, 52],
     [21, 16, 47],
     [21, 17, 67],
     [21, 18, 32],
     [22, 0, 39],
     [22, 2, 73],
     [22, 3, 90],
     [22, 7, 50],
     [22, 8, 46],
     [22, 9, 54],
     [22, 10, 66],
     [22, 11, 75],
     [22, 12, 61],
     [22, 13, 73],
     [22, 14, 58],
     [22, 15, 72],
     [22, 16, 44],
     [22, 17, 40],
     [22, 18, 30],
     [22, 19, 67],
     [22, 20, 81],
     [22, 21, 78],
     [23, 0, 74],
     [23, 1, 83],
     [23, 2, 37],
     [23, 3, 49],
     [23, 4, 88],
     [23, 5, 81],
     [23, 7, 48],
     [23, 8, 88],
     [23, 9, 39],
     [23, 10, 76],
     [23, 11, 36],
     [23, 12, 52],
     [23, 13, 76],
     [23, 14, 70],
     [23, 15, 81],
     [23, 16, 56],
     [23, 17, 55],
     [23, 18, 35],
     [23, 20, 35],
     [23, 21, 32],
     [24, 0, 60],
     [24, 2, 69],
     [24, 3, 67],
     [24, 4, 64],
     [24, 5, 66],
     [24, 9, 41],
     [24, 10, 67],
     [24, 11, 55],
     [24, 12, 80],
     [24, 13, 41],
     [24, 14, 55],
     [24, 15, 41],
     [24, 16, 73],
     [24, 17, 72],
     [24, 18, 35],
     [24, 20, 59],
     [24, 22, 50],
     [24, 23, 54],
     [25, 0, 69],
     [25, 1, 54],
     [25, 2, 68],
     [25, 3, 51],
     [25, 4, 90],
     [25, 5, 73],
     [25, 7, 48],
     [25, 9, 50],
     [25, 10, 84],
     [25, 12, 38],
     [25, 13, 47],
     [25, 14, 30],
     [25, 15, 84],
     [25, 18, 70],
     [25, 19, 61],
     [25, 21, 59],
     [25, 22, 56],
     [25, 23, 58],
     [25, 24, 62],
     [26, 0, 30],
     [26, 1, 85],
     [26, 2, 59],
     [26, 3, 56],
     [26, 4, 51],
     [26, 5, 44],
     [26, 7, 66],
     [26, 8, 84],
     [26, 10, 35],
     [26, 13, 59],
     [26, 14, 80],
     [26, 15, 34],
     [26, 16, 66],
     [26, 17, 72],
     [26, 18, 86],
     [26, 21, 83],
     [26, 22, 69],
     [26, 24, 76],
     [26, 25, 81],
     [27, 0, 36],
     [27, 1, 75],
     [27, 4, 78],
     [27, 5, 43],
     [27, 7, 83],
     [27, 10, 43],
     [27, 11, 87],
     [27, 13, 32],
     [27, 17, 60],
     [27, 20, 66],
     [27, 21, 36],
     [27, 23, 73],
     [27, 24, 66],
     [27, 25, 32],
     [27, 26, 39],
     [28, 0, 52],
     [28, 1, 32],
     [28, 2, 36],
     [28, 3, 48],
     [28, 4, 41],
     [28, 5, 79],
     [28, 7, 31],
     [28, 8, 80],
     [28, 9, 47],
     [28, 11, 85],
     [28, 15, 79],
     [28, 16, 48],
     [28, 17, 87],
     [28, 18, 30],
     [28, 19, 51],
     [28, 20, 54],
     [28, 21, 62],
     [28, 25, 56],
     [29, 0, 74],
     [29, 1, 62],
     [29, 3, 79],
     [29, 5, 53],
     [29, 9, 90],
     [29, 11, 67],
     [29, 12, 79],
     [29, 14, 63],
     [29, 15, 84],
     [29, 16, 63],
     [29, 18, 60],
     [29, 20, 87],
     [29, 21, 45],
     [29, 22, 39],
     [29, 23, 67],
     [29, 25, 36],
     [29, 27, 73],
     [29, 28, 50],
     [30, 3, 84],
     [30, 4, 76],
     [30, 5, 81],
     [30, 7, 38],
     [30, 8, 89],
     [30, 9, 76],
     [30, 10, 79],
     [30, 11, 47],
     [30, 12, 55],
     [30, 13, 61],
     [30, 14, 50],
     [30, 16, 57],
     [30, 17, 86],
     [30, 18, 36],
     [30, 19, 53],
     [30, 21, 73],
     [30, 22, 61],
     [30, 23, 41],
     [30, 24, 79],
     [30, 25, 53],
     [30, 26, 42],
     [30, 27, 42],
     [30, 28, 55],
     [30, 29, 83],
     [31, 0, 72],
     [31, 2, 68],
     [31, 3, 58],
     [31, 5, 60],
     [31, 6, 41],
     [31, 8, 57],
     [31, 9, 71],
     [31, 12, 78],
     [31, 14, 88],
     [31, 15, 37],
     [31, 16, 65],
     [31, 18, 39],
     [31, 19, 68],
     [31, 21, 45],
     [31, 23, 58],
     [31, 24, 81],
     [31, 25, 56],
     [31, 26, 35],
     [31, 28, 67],
     [31, 29, 55],
     [31, 30, 58],
     [32, 1, 73],
     [32, 2, 77],
     [32, 3, 40],
     [32, 4, 43],
     [32, 5, 52],
     [32, 6, 52],
     [32, 7, 78],
     [32, 8, 46],
     [32, 9, 77],
     [32, 10, 51],
     [32, 11, 74],
     [32, 12, 62],
     [32, 13, 31],
     [32, 14, 46],
     [32, 15, 60],
     [32, 16, 62],
     [32, 17, 68],
     [32, 22, 90],
     [32, 24, 85],
     [32, 25, 73],
     [32, 26, 61],
     [32, 28, 48],
     [32, 29, 41],
     [32, 30, 85],
     [33, 0, 36],
     [33, 1, 70],
     [33, 2, 39],
     [33, 4, 71],
     [33, 6, 32],
     [33, 7, 65],
     [33, 8, 44],
     [33, 9, 58],
     [33, 10, 81],
     [33, 11, 75],
     [33, 12, 35],
     [33, 13, 68],
     [33, 14, 69],
     [33, 17, 57],
     [33, 19, 31],
     [33, 21, 59],
     [33, 22, 70],
     [33, 23, 72],
     [33, 24, 49],
     [33, 25, 43],
     [33, 27, 89],
     [33, 28, 32],
     [33, 29, 73],
     [33, 30, 36],
     [33, 31, 47],
     [33, 32, 86],
     [34, 0, 36],
     [34, 1, 58],
     [34, 2, 58],
     [34, 3, 53],
     [34, 4, 88],
     [34, 5, 85],
     [34, 6, 42],
     [34, 7, 78],
     [34, 8, 61],
     [34, 9, 73],
     [34, 11, 66],
     [34, 12, 70],
     [34, 13, 77],
     [34, 14, 30],
     [34, 15, 85],
     [34, 17, 38],
     [34, 18, 51],
     [34, 20, 46],
     [34, 22, 76],
     [34, 23, 84],
     [34, 25, 42],
     [34, 29, 88],
     [34, 30, 85],
     [34, 31, 74],
     [34, 32, 32],
     [34, 33, 43],
     [35, 0, 34],
     [35, 1, 80],
     [35, 2, 37],
     [35, 4, 79],
     [35, 5, 88],
     [35, 6, 48],
     [35, 7, 73],
     [35, 8, 72],
     [35, 9, 66],
     [35, 11, 60],
     [35, 12, 45],
     [35, 14, 58],
     [35, 15, 58],
     [35, 16, 33],
     [35, 17, 62],
     [35, 18, 39],
     [35, 20, 35],
     [35, 21, 83],
     [35, 25, 73],
     [35, 26, 76],
     [35, 27, 90],
     [35, 28, 43],
     [35, 29, 50],
     [35, 33, 76],
     [35, 34, 34],
     [36, 0, 60],
     [36, 1, 60],
     [36, 3, 57],
     [36, 6, 64],
     [36, 7, 32],
     [36, 10, 90],
     [36, 11, 66],
     [36, 12, 33],
     [36, 15, 51],
     [36, 16, 56],
     [36, 17, 86],
     [36, 20, 63],
     [36, 22, 56],
     [36, 25, 63],
     [36, 26, 83],
     [36, 28, 73],
     [36, 29, 67],
     [36, 30, 71],
     [36, 31, 37],
     [36, 32, 44],
     [36, 33, 83],
     [36, 35, 87],
     [37, 0, 83],
     [37, 1, 72],
     [37, 6, 82],
     [37, 8, 72],
     [37, 9, 42],
     [37, 10, 54],
     [37, 11, 81],
     [37, 12, 73],
     [37, 14, 50],
     [37, 18, 68],
     [37, 19, 50],
     [37, 21, 55],
     [37, 23, 89],
     [37, 24, 47],
     [37, 26, 79],
     [37, 30, 86],
     [37, 32, 67],
     [37, 34, 56],
     [37, 35, 54],
     [38, 0, 56],
     [38, 2, 66],
     [38, 3, 36],
     [38, 4, 33],
     [38, 5, 87],
     [38, 6, 63],
     [38, 10, 36],
     [38, 11, 33],
     [38, 12, 86],
     [38, 13, 53],
     [38, 14, 82],
     [38, 15, 69],
     [38, 17, 79],
     [38, 18, 37],
     [38, 20, 79],
     [38, 22, 49],
     [38, 23, 30],
     [38, 24, 82],
     [38, 25, 54],
     [38, 26, 78],
     [38, 30, 55],
     [38, 31, 44],
     [38, 32, 44],
     [38, 33, 65],
     [38, 34, 71],
     [38, 35, 78],
     [38, 37, 68],
     [39, 0, 74],
     [39, 1, 62],
     [39, 2, 74],
     [39, 3, 63],
     [39, 4, 42],
     [39, 5, 71],
     [39, 6, 85],
     [39, 8, 50],
     [39, 9, 75],
     [39, 10, 85],
     [39, 11, 83],
     [39, 15, 85],
     [39, 16, 42],
     [39, 17, 53],
     [39, 18, 77],
     [39, 21, 51],
     [39, 23, 49],
     [39, 25, 47],
     [39, 27, 52],
     [39, 28, 52],
     [39, 30, 43],
     [39, 31, 84],
     [39, 34, 47],
     [39, 38, 30],
     [40, 2, 75],
     [40, 3, 39],
     [40, 6, 87],
     [40, 7, 76],
     [40, 8, 75],
     [40, 10, 44],
     [40, 11, 89],
     [40, 14, 30],
     [40, 15, 44],
     [40, 16, 63],
     [40, 17, 53],
     [40, 20, 86],
     [40, 21, 59],
     [40, 23, 51],
     [40, 24, 86],
     [40, 25, 33],
     [40, 27, 88],
     [40, 28, 76],
     [40, 30, 73],
     [40, 31, 73],
     [40, 32, 80],
     [40, 33, 60],
     [40, 34, 86],
     [40, 36, 41],
     [40, 37, 81],
     [41, 2, 78],
     [41, 4, 54],
     [41, 6, 58],
     [41, 7, 30],
     [41, 10, 78],
     [41, 13, 33],
     [41, 15, 77],
     [41, 18, 38],
     [41, 20, 75],
     [41, 22, 82],
     [41, 26, 61],
     [41, 28, 46],
     [41, 30, 45],
     [41, 33, 39],
     [41, 34, 59],
     [41, 35, 54],
     [41, 36, 48],
     [41, 37, 30],
     [41, 39, 51],
     [42, 0, 72],
     [42, 1, 71],
     [42, 3, 72],
     [42, 6, 69],
     [42, 9, 59],
     [42, 11, 81],
     [42, 12, 50],
     [42, 14, 72],
     [42, 15, 48],
     [42, 16, 65],
     [42, 17, 43],
     [42, 20, 84],
     [42, 21, 81],
     [42, 22, 55],
     [42, 23, 75],
     [42, 25, 69],
     [42, 28, 54],
     [42, 29, 90],
     [42, 30, 63],
     [42, 31, 31],
     [42, 32, 55],
     [42, 33, 90],
     [42, 38, 71],
     [42, 40, 43],
     [42, 41, 69],
     [43, 1, 47],
     [43, 2, 60],
     [43, 4, 39],
     [43, 5, 53],
     [43, 6, 37],
     [43, 7, 56],
     [43, 8, 84],
     [43, 9, 37],
     [43, 12, 56],
     [43, 14, 69],
     [43, 16, 87],
     [43, 20, 38],
     [43, 22, 68],
     [43, 24, 87],
     [43, 25, 34],
     [43, 26, 41],
     [43, 28, 83],
     [43, 29, 51],
     [43, 30, 58],
     [43, 31, 60],
     [43, 32, 71],
     [43, 34, 80],
     [43, 35, 42],
     [43, 37, 88],
     [43, 39, 67],
     [43, 40, 76],
     [43, 41, 38],
     [43, 42, 67],
     [44, 0, 88],
     [44, 1, 89],
     [44, 2, 39],
     [44, 5, 70],
     [44, 6, 71],
     [44, 9, 89],
     [44, 10, 84],
     [44, 20, 44],
     [44, 21, 89],
     [44, 22, 65],
     [44, 23, 73],
     [44, 24, 65],
     [44, 26, 47],
     [44, 27, 37],
     [44, 31, 75],
     [44, 33, 67],
     [44, 34, 51],
     [44, 35, 32],
     [44, 37, 60],
     [44, 39, 90],
     [44, 41, 31],
     [44, 43, 75],
     [45, 0, 89],
     [45, 1, 82],
     [45, 2, 87],
     [45, 3, 34],
     [45, 5, 87],
     [45, 6, 61],
     [45, 7, 45],
     [45, 8, 84],
     [45, 13, 61],
     [45, 15, 66],
     [45, 16, 35],
     [45, 17, 45],
     [45, 18, 75],
     [45, 20, 70],
     [45, 23, 31],
     [45, 25, 89],
     [45, 28, 39],
     [45, 29, 34],
     [45, 31, 76],
     [45, 32, 62],
     [45, 33, 83],
     [45, 35, 30],
     [45, 37, 66],
     [45, 38, 69],
     [45, 39, 51],
     [45, 43, 89],
     [46, 0, 63],
     [46, 3, 84],
     [46, 4, 57],
     [46, 6, 40],
     [46, 7, 71],
     [46, 8, 40],
     [46, 9, 40],
     [46, 10, 30],
     [46, 11, 48],
     [46, 12, 62],
     [46, 13, 36],
     [46, 14, 90],
     [46, 15, 40],
     [46, 16, 47],
     [46, 17, 68],
     [46, 18, 69],
     [46, 19, 53],
     [46, 20, 90],
     [46, 21, 63],
     [46, 22, 86],
     [46, 23, 81],
     [46, 25, 69],
     [46, 26, 65],
     [46, 27, 53],
     [46, 28, 72],
     [46, 30, 34],
     [46, 32, 70],
     [46, 34, 84],
     [46, 36, 55],
     [46, 37, 61],
     [46, 39, 81],
     [46, 40, 49],
     [46, 41, 35],
     [46, 42, 36],
     [46, 43, 46],
     [46, 44, 89],
     [46, 45, 75],
     [47, 0, 55],
     [47, 1, 48],
     [47, 2, 39],
     [47, 4, 85],
     [47, 7, 35],
     [47, 10, 62],
     [47, 11, 62],
     [47, 12, 58],
     [47, 13, 86],
     [47, 15, 46],
     [47, 16, 80],
     [47, 17, 43],
     [47, 18, 67],
     [47, 19, 77],
     [47, 20, 90],
     [47, 23, 42],
     [47, 24, 77],
     [47, 25, 80],
     [47, 28, 49],
     [47, 29, 56],
     [47, 31, 88],
     [47, 32, 74],
     [47, 33, 89],
     [47, 34, 57],
     [47, 35, 45],
     [47, 36, 56],
     [47, 39, 74],
     [47, 40, 64],
     [47, 41, 80],
     [47, 42, 32],
     [47, 44, 58],
     [47, 45, 48],
     [47, 46, 79],
     [48, 1, 80],
     [48, 3, 38],
     [48, 4, 36],
     [48, 5, 67],
     [48, 8, 77],
     [48, 10, 59],
     [48, 12, 36],
     [48, 14, 80],
     [48, 15, 43],
     [48, 16, 88],
     [48, 18, 63],
     [48, 19, 70],
     [48, 21, 76],
     [48, 22, 86],
     [48, 23, 32],
     [48, 24, 60],
     [48, 25, 40],
     [48, 26, 34],
     [48, 27, 66],
     [48, 29, 62],
     [48, 30, 50],
     [48, 31, 86],
     [48, 32, 67],
     [48, 34, 46],
     [48, 36, 88],
     [48, 37, 40],
     [48, 38, 87],
     [48, 40, 47],
     [48, 41, 82],
     [48, 42, 65],
     [48, 44, 53],
     [48, 45, 52],
     [48, 47, 72],
     [49, 0, 49],
     [49, 1, 44],
     [49, 2, 79],
     [49, 3, 79],
     [49, 5, 82],
     [49, 6, 40],
     [49, 8, 51],
     [49, 9, 89],
     [49, 10, 47],
     [49, 12, 52],
     [49, 14, 61],
     [49, 16, 80],
     [49, 17, 45],
     [49, 18, 83],
     [49, 20, 46],
     [49, 21, 59],
     [49, 22, 30],
     [49, 23, 86],
     [49, 24, 88],
     [49, 25, 47],
     [49, 27, 89],
     [49, 30, 70],
     [49, 33, 46],
     [49, 34, 39],
     [49, 35, 35],
     [49, 36, 50],
     [49, 37, 41],
     [49, 39, 88],
     [49, 41, 34],
     [49, 44, 51],
     [49, 46, 68],
     [49, 47, 79],
     [50, 1, 83],
     [50, 5, 61],
     [50, 9, 90],
     [50, 10, 84],
     [50, 11, 58],
     [50, 13, 48],
     [50, 14, 61],
     [50, 15, 56],
     [50, 16, 64],
     [50, 17, 85],
     [50, 19, 56],
     [50, 20, 46],
     [50, 21, 54],
     [50, 22, 77],
     [50, 23, 89],
     [50, 24, 80],
     [50, 25, 45],
     [50, 26, 58],
     [50, 27, 45],
     [50, 29, 76],
     [50, 30, 82],
     [50, 31, 59],
     [50, 33, 32],
     [50, 34, 35],
     [50, 35, 36],
     [50, 38, 55],
     [50, 39, 47],
     [50, 42, 43],
     [50, 43, 35],
     [50, 44, 82],
     [50, 48, 32],
     [50, 49, 67],
     [51, 0, 77],
     [51, 2, 36],
     [51, 3, 54],
     [51, 8, 69],
     [51, 10, 72],
     [51, 11, 35],
     [51, 12, 65],
     [51, 13, 77],
     [51, 14, 79],
     [51, 15, 53],
     [51, 19, 65],
     [51, 20, 81],
     [51, 21, 79],
     [51, 22, 59],
     [51, 23, 53],
     [51, 24, 90],
     [51, 26, 86],
     [51, 27, 60],
     [51, 28, 47],
     [51, 30, 81],
     [51, 32, 34],
     [51, 33, 71],
     [51, 34, 74],
     [51, 35, 83],
     [51, 36, 74],
     [51, 38, 39],
     [51, 40, 72],
     [51, 41, 76],
     [51, 42, 63],
     [51, 43, 83],
     [51, 44, 51],
     [51, 45, 48],
     [51, 47, 81],
     [51, 48, 88],
     [51, 49, 38],
     [52, 0, 80],
     [52, 1, 31],
     [52, 2, 49],
     [52, 3, 30],
     [52, 4, 41],
     [52, 5, 90],
     [52, 6, 44],
     [52, 10, 44],
     [52, 12, 87],
     [52, 14, 45],
     [52, 16, 57],
     [52, 17, 44],
     [52, 18, 80],
     [52, 20, 59],
     [52, 22, 78],
     [52, 24, 47],
     [52, 25, 78],
     [52, 28, 74],
     [52, 31, 39],
     [52, 32, 68],
     [52, 33, 42],
     [52, 34, 47],
     [52, 35, 78],
     [52, 37, 51],
     [52, 38, 65],
     [52, 39, 73],
     [52, 40, 63],
     [52, 42, 74],
     [52, 43, 69],
     [52, 46, 38],
     [52, 47, 81],
     [52, 48, 78],
     [52, 49, 62],
     [52, 51, 85],
     [53, 1, 33],
     [53, 2, 61],
     [53, 3, 90],
     [53, 5, 44],
     [53, 7, 69],
     [53, 8, 31],
     [53, 9, 41],
     [53, 10, 76],
     [53, 11, 35],
     [53, 13, 35],
     [53, 14, 39],
     [53, 15, 66],
     [53, 16, 87],
     [53, 18, 39],
     [53, 20, 77],
     [53, 25, 76],
     [53, 26, 84],
     [53, 27, 78],
     [53, 29, 30],
     [53, 30, 41],
     [53, 34, 86],
     [53, 36, 58],
     [53, 37, 51],
     [53, 38, 65],
     [53, 40, 80],
     [53, 41, 44],
     [53, 42, 35],
     [53, 44, 56],
     [53, 45, 84],
     [53, 47, 45],
     [53, 49, 36],
     [53, 50, 41],
     [54, 0, 79],
     [54, 2, 84],
     [54, 3, 48],
     [54, 4, 48],
     [54, 5, 34],
     [54, 6, 53],
     [54, 7, 34],
     [54, 8, 32],
     [54, 9, 44],
     [54, 10, 53],
     [54, 11, 30],
     [54, 12, 64],
     [54, 15, 44],
     [54, 17, 31],
     [54, 18, 33],
     [54, 19, 44],
     [54, 21, 41],
     [54, 22, 40],
     [54, 23, 41],
     [54, 24, 59],
     [54, 26, 76],
     [54, 29, 59],
     [54, 30, 64],
     [54, 31, 37],
     [54, 34, 44],
     [54, 35, 56],
     [54, 36, 75],
     [54, 37, 42],
     [54, 38, 84],
     [54, 39, 43],
     [54, 40, 41],
     [54, 43, 36],
     [54, 44, 56],
     [54, 45, 86],
     [54, 46, 75],
     [54, 47, 67],
     [54, 48, 41],
     [54, 49, 49],
     [54, 51, 47],
     [54, 52, 36],
     [54, 53, 41],
     [55, 1, 72],
     [55, 2, 49],
     [55, 4, 85],
     [55, 6, 40],
     [55, 7, 49],
     [55, 9, 33],
     [55, 10, 70],
     [55, 11, 90],
     [55, 12, 86],
     [55, 13, 36],
     [55, 15, 65],
     [55, 16, 88],
     [55, 17, 30],
     [55, 18, 50],
     [55, 19, 83],
     [55, 20, 55],
     [55, 21, 56],
     [55, 22, 46],
     [55, 23, 66],
     [55, 24, 42],
     [55, 25, 36],
     [55, 26, 39],
     [55, 27, 84],
     [55, 28, 36],
     [55, 29, 71],
     [55, 30, 85],
     [55, 31, 76],
     [55, 32, 76],
     [55, 33, 49],
     [55, 34, 33],
     [55, 35, 82],
     [55, 36, 90],
     [55, 37, 70],
     [55, 38, 31],
     [55, 39, 75],
     [55, 40, 42],
     [55, 41, 54],
     [55, 42, 55],
     [55, 43, 88],
     [55, 45, 62],
     [55, 47, 65],
     [55, 49, 79],
     [55, 52, 88],
     [55, 53, 45],
     [56, 0, 54],
     [56, 1, 51],
     [56, 2, 33],
     [56, 4, 56],
     [56, 5, 53],
     [56, 7, 79],
     [56, 8, 90],
     [56, 9, 55],
     [56, 11, 83],
     [56, 13, 71],
     [56, 14, 36],
     [56, 15, 33],
     [56, 16, 61],
     [56, 17, 86],
     [56, 22, 35],
     [56, 23, 83],
     [56, 24, 37],
     [56, 25, 62],
     [56, 26, 86],
     [56, 28, 56],
     [56, 30, 61],
     [56, 31, 88],
     [56, 32, 77],
     [56, 33, 45],
     [56, 34, 65],
     [56, 35, 38],
     [56, 38, 35],
     [56, 39, 50],
     [56, 40, 32],
     [56, 41, 85],
     [56, 45, 42],
     [56, 46, 61],
     [56, 48, 31],
     [56, 49, 69],
     [56, 51, 51],
     [56, 53, 80],
     [56, 54, 49],
     [57, 1, 90],
     [57, 2, 54],
     [57, 3, 48],
     [57, 7, 78],
     [57, 8, 66],
     [57, 9, 43],
     [57, 10, 70],
     [57, 11, 52],
     [57, 12, 60],
     [57, 13, 54],
     [57, 15, 45],
     [57, 16, 84],
     [57, 19, 37],
     [57, 20, 71],
     [57, 21, 73],
     [57, 22, 64],
     [57, 23, 69],
     [57, 25, 54],
     [57, 27, 60],
     [57, 28, 51],
     [57, 30, 52],
     [57, 31, 34],
     [57, 32, 70],
     [57, 33, 35],
     [57, 34, 45],
     [57, 36, 89],
     [57, 37, 68],
     [57, 39, 90],
     [57, 40, 61],
     [57, 41, 53],
     [57, 42, 68],
     [57, 43, 48],
     [57, 44, 43],
     [57, 45, 69],
     [57, 46, 83],
     [57, 47, 79],
     [57, 48, 47],
     [57, 49, 82],
     [57, 54, 34],
     [57, 55, 36],
     [57, 56, 33],
     [58, 1, 54],
     [58, 2, 90],
     [58, 3, 52],
     [58, 6, 31],
     [58, 9, 69],
     [58, 11, 88],
     [58, 12, 82],
     [58, 13, 37],
     [58, 14, 70],
     [58, 15, 70],
     [58, 17, 73],
     [58, 20, 31],
     [58, 21, 71],
     [58, 22, 42],
     [58, 23, 78],
     [58, 24, 52],
     [58, 26, 79],
     [58, 27, 47],
     [58, 30, 45],
     [58, 31, 83],
     [58, 32, 84],
     [58, 34, 78],
     [58, 35, 38],
     [58, 36, 79],
     [58, 37, 57],
     [58, 38, 90],
     [58, 40, 70],
     [58, 41, 42],
     [58, 43, 76],
     [58, 48, 46],
     [58, 49, 60],
     [58, 50, 32],
     [58, 51, 52],
     [58, 53, 56],
     [58, 57, 87],
     [59, 1, 68],
     [59, 2, 50],
     [59, 3, 30],
     [59, 4, 72],
     [59, 5, 51],
     [59, 6, 61],
     [59, 8, 58],
     [59, 9, 49],
     [59, 10, 69],
     [59, 11, 76],
     [59, 12, 48],
     [59, 13, 84],
     [59, 14, 73],
     [59, 16, 39],
     [59, 19, 81],
     [59, 20, 87],
     [59, 25, 33],
     [59, 26, 67],
     [59, 28, 34],
     [59, 29, 39],
     [59, 30, 41],
     [59, 31, 76],
     [59, 33, 65],
     [59, 34, 63],
     [59, 35, 55],
     [59, 36, 62],
     [59, 37, 53],
     [59, 38, 53],
     [59, 39, 54],
     [59, 42, 42],
     [59, 43, 41],
     [59, 44, 84],
     [59, 46, 78],
     [59, 49, 66],
     [59, 51, 85],
     [59, 52, 64],
     [59, 54, 45],
     [59, 55, 53],
     [59, 56, 76],
     [60, 0, 61],
     [60, 1, 42],
     [60, 4, 87],
     [60, 5, 87],
     [60, 6, 32],
     [60, 7, 76],
     [60, 9, 63],
     [60, 11, 31],
     [60, 14, 59],
     [60, 15, 50],
     [60, 16, 43],
     [60, 17, 54],
     [60, 19, 63],
     [60, 20, 70],
     [60, 21, 51],
     [60, 22, 46],
     [60, 23, 39],
     [60, 25, 56],
     [60, 26, 72],
     [60, 28, 72],
     [60, 29, 65],
     [60, 30, 66],
     [60, 33, 45],
     [60, 34, 39],
     [60, 35, 73],
     [60, 36, 72],
     [60, 37, 47],
     [60, 39, 43],
     [60, 42, 34],
     [60, 43, 79],
     [60, 44, 88],
     [60, 45, 57],
     [60, 46, 41],
     [60, 47, 47],
     [60, 48, 34],
     [60, 49, 37],
     [60, 50, 83],
     [60, 51, 72],
     [60, 52, 73],
     [60, 55, 67],
     [60, 56, 78],
     [60, 57, 66],
     [60, 58, 74],
     [61, 0, 32],
     [61, 2, 54],
     [61, 3, 58],
     [61, 4, 89],
     [61, 5, 42],
     [61, 7, 72],
     [61, 9, 89],
     [61, 10, 51],
     [61, 16, 89],
     [61, 18, 73],
     [61, 19, 30],
     [61, 22, 76],
     [61, 23, 53],
     [61, 24, 77],
     [61, 25, 44],
     [61, 26, 32],
     [61, 27, 45],
     [61, 28, 35],
     [61, 29, 71],
     [61, 30, 36],
     [61, 31, 77],
     [61, 36, 73],
     [61, 37, 31],
     [61, 38, 46],
     [61, 39, 87],
     [61, 40, 32],
     [61, 41, 65],
     [61, 42, 68],
     [61, 48, 33],
     [61, 50, 30],
     [61, 51, 50],
     [61, 53, 50],
     [61, 54, 55],
     [61, 55, 57],
     [61, 56, 76],
     [61, 57, 88],
     [61, 60, 53],
     [62, 0, 87],
     [62, 3, 72],
     [62, 4, 76],
     [62, 5, 62],
     [62, 6, 56],
     [62, 9, 88],
     [62, 15, 31],
     [62, 17, 60],
     [62, 18, 63],
     [62, 19, 32],
     [62, 21, 33],
     [62, 22, 80],
     [62, 26, 56],
     [62, 28, 36],
     [62, 29, 30],
     [62, 30, 46],
     [62, 31, 43],
     [62, 33, 58],
     [62, 35, 52],
     [62, 36, 77],
     [62, 37, 30],
     [62, 38, 53],
     [62, 39, 80],
     [62, 41, 34],
     [62, 42, 44],
     [62, 43, 32],
     [62, 45, 42],
     [62, 48, 40],
     [62, 49, 70],
     [62, 50, 89],
     [62, 51, 37],
     [62, 52, 58],
     [62, 53, 60],
     [62, 54, 68],
     [62, 56, 52],
     [62, 58, 71],
     [62, 59, 32],
     [62, 60, 77],
     [62, 61, 77],
     [63, 1, 77],
     [63, 5, 50],
     [63, 6, 70],
     [63, 7, 67],
     [63, 8, 77],
     [63, 9, 88],
     [63, 10, 44],
     [63, 11, 78],
     [63, 13, 88],
     [63, 14, 75],
     [63, 15, 31],
     [63, 16, 34],
     [63, 18, 31],
     [63, 23, 61],
     [63, 25, 66],
     [63, 26, 75],
     [63, 27, 75],
     [63, 28, 48],
     [63, 29, 44],
     [63, 32, 61],
     [63, 34, 49],
     [63, 35, 69],
     [63, 37, 55],
     [63, 38, 48],
     [63, 39, 64],
     [63, 41, 78],
     [63, 42, 32],
     [63, 43, 46],
     [63, 44, 40],
     [63, 47, 71],
     [63, 50, 54],
     [63, 51, 41],
     [63, 52, 57],
     [63, 53, 65],
     [63, 54, 72],
     [63, 56, 48],
     [63, 57, 81],
     [63, 61, 51],
     [63, 62, 31],
     [64, 0, 65],
     [64, 1, 87],
     [64, 2, 88],
     [64, 5, 68],
     [64, 6, 51],
     [64, 7, 83],
     [64, 8, 61],
     [64, 9, 30],
     [64, 10, 33],
     [64, 11, 75],
     [64, 13, 83],
     [64, 14, 44],
     [64, 18, 47],
     [64, 20, 75],
     [64, 22, 42],
     [64, 23, 88],
     [64, 24, 48],
     [64, 26, 52],
     [64, 27, 45],
     [64, 31, 43],
     [64, 32, 73],
     [64, 33, 81],
     [64, 36, 47],
     [64, 37, 88],
     [64, 39, 70],
     [64, 41, 62],
     [64, 43, 88],
     [64, 44, 64],
     [64, 45, 37],
     [64, 47, 44],
     [64, 48, 82],
     [64, 49, 48],
     [64, 51, 74],
     [64, 52, 75],
     [64, 54, 53],
     [64, 55, 58],
     [64, 60, 55],
     [64, 61, 31],
     [64, 63, 90],
     [65, 0, 86],
     [65, 2, 30],
     [65, 4, 57],
     [65, 7, 45],
     [65, 8, 58],
     [65, 9, 89],
     [65, 10, 38],
     [65, 11, 82],
     [65, 12, 34],
     [65, 13, 38],
     [65, 14, 84],
     [65, 16, 87],
     [65, 19, 39],
     [65, 20, 80],
     [65, 21, 52],
     [65, 23, 89],
     [65, 24, 74],
     [65, 25, 86],
     [65, 26, 58],
     [65, 27, 33],
     [65, 28, 67],
     [65, 29, 52],
     [65, 30, 33],
     [65, 31, 60],
     [65, 32, 52],
     [65, 33, 87],
     [65, 37, 74],
     [65, 38, 37],
     [65, 39, 81],
     [65, 40, 87],
     [65, 42, 54],
     [65, 43, 76],
     [65, 44, 82],
     [65, 45, 42],
     [65, 47, 83],
     [65, 48, 67],
     [65, 49, 46],
     [65, 50, 42],
     [65, 51, 37],
     [65, 54, 69],
     [65, 57, 78],
     [65, 58, 79],
     [65, 59, 66],
     [65, 63, 49],
     [66, 1, 38],
     [66, 2, 73],
     [66, 4, 81],
     [66, 5, 73],
     [66, 7, 78],
     [66, 8, 75],
     [66, 9, 68],
     [66, 10, 83],
     [66, 11, 37],
     [66, 13, 48],
     [66, 14, 52],
     [66, 15, 46],
     [66, 16, 82],
     [66, 17, 41],
     [66, 19, 47],
     [66, 20, 54],
     [66, 21, 63],
     [66, 23, 89],
     [66, 24, 44],
     [66, 25, 77],
     [66, 27, 56],
     [66, 28, 84],
     [66, 30, 88],
     [66, 33, 90],
     [66, 34, 60],
     [66, 35, 79],
     [66, 36, 67],
     [66, 38, 47],
     [66, 41, 54],
     [66, 42, 54],
     [66, 44, 88],
     [66, 47, 36],
     [66, 48, 46],
     [66, 50, 51],
     [66, 51, 44],
     [66, 52, 38],
     [66, 53, 60],
     [66, 55, 90],
     [66, 57, 35],
     [66, 58, 51],
     [66, 60, 65],
     [66, 63, 52],
     [66, 65, 80],
     [67, 0, 36],
     [67, 3, 90],
     [67, 5, 64],
     [67, 6, 35],
     [67, 8, 40],
     [67, 9, 32],
     [67, 10, 72],
     [67, 11, 80],
     [67, 12, 79],
     [67, 13, 84],
     [67, 17, 35],
     [67, 20, 56],
     [67, 23, 56],
     [67, 24, 46],
     [67, 25, 60],
     [67, 26, 67],
     [67, 28, 82],
     [67, 29, 65],
     [67, 31, 81],
     [67, 32, 59],
     [67, 33, 39],
     [67, 34, 69],
     [67, 35, 69],
     [67, 37, 45],
     [67, 38, 45],
     [67, 39, 73],
     [67, 40, 72],
     [67, 41, 86],
     [67, 42, 87],
     [67, 43, 71],
     [67, 45, 50],
     [67, 47, 44],
     [67, 48, 51],
     [67, 49, 46],
     [67, 50, 36],
     [67, 51, 58],
     [67, 52, 34],
     [67, 54, 47],
     [67, 59, 37],
     [67, 61, 61],
     [67, 63, 30],
     [67, 66, 89],
     [68, 4, 54],
     [68, 5, 78],
     [68, 6, 48],
     [68, 11, 78],
     [68, 12, 41],
     [68, 15, 57],
     [68, 16, 53],
     [68, 19, 86],
     [68, 21, 30],
     [68, 22, 89],
     [68, 24, 45],
     [68, 29, 34],
     [68, 30, 44],
     [68, 32, 35],
     [68, 33, 76],
     [68, 36, 66],
     [68, 38, 45],
     [68, 39, 69],
     [68, 40, 58],
     [68, 42, 81],
     [68, 45, 84],
     [68, 47, 44],
     [68, 48, 55],
     [68, 49, 87],
     [68, 50, 64],
     [68, 52, 85],
     [68, 54, 66],
     [68, 55, 41],
     [68, 56, 46],
     [68, 57, 57],
     [68, 58, 30],
     [68, 61, 78],
     [68, 63, 86],
     [68, 67, 75],
     [69, 0, 71],
     [69, 1, 30],
     [69, 2, 75],
     [69, 4, 71],
     [69, 6, 83],
     [69, 7, 87],
     [69, 13, 68],
     [69, 14, 86],
     [69, 15, 83],
     [69, 16, 72],
     [69, 17, 31],
     [69, 18, 52],
     [69, 19, 34],
     [69, 20, 55],
     [69, 24, 33],
     [69, 27, 72],
     [69, 28, 68],
     [69, 30, 74],
     [69, 32, 47],
     [69, 33, 87],
     [69, 35, 44],
     [69, 36, 47],
     [69, 37, 55],
     [69, 38, 56],
     [69, 39, 49],
     [69, 40, 80],
     [69, 41, 32],
     [69, 43, 60],
     [69, 44, 83],
     [69, 47, 82],
     [69, 48, 41],
     [69, 49, 80],
     [69, 50, 71],
     [69, 51, 30],
     [69, 54, 70],
     [69, 55, 66],
     [69, 56, 80],
     [69, 59, 44],
     [69, 65, 30],
     [69, 66, 69],
     [69, 67, 61],
     [70, 0, 62],
     [70, 1, 70],
     [70, 2, 71],
     [70, 3, 39],
     [70, 4, 49],
     [70, 6, 62],
     [70, 7, 87],
     [70, 8, 90],
     [70, 10, 75],
     [70, 13, 49],
     [70, 14, 65],
     [70, 15, 37],
     [70, 21, 87],
     [70, 22, 81],
     [70, 24, 41],
     [70, 25, 40],
     [70, 29, 70],
     [70, 30, 55],
     [70, 31, 55],
     [70, 33, 81],
     [70, 35, 90],
     [70, 36, 54],
     [70, 38, 85],
     [70, 39, 45],
     [70, 41, 53],
     [70, 43, 45],
     [70, 45, 53],
     [70, 50, 72],
     [70, 51, 40],
     [70, 52, 43],
     [70, 53, 37],
     [70, 54, 50],
     [70, 55, 42],
     [70, 56, 69],
     [70, 57, 51],
     [70, 58, 74],
     [70, 61, 32],
     [70, 62, 87],
     [70, 64, 74],
     [70, 65, 48],
     [70, 66, 66],
     [70, 67, 37],
     [70, 68, 46],
     [71, 0, 36],
     [71, 1, 62],
     [71, 2, 87],
     [71, 4, 37],
     [71, 5, 62],
     [71, 6, 34],
     [71, 8, 46],
     [71, 10, 87],
     [71, 11, 86],
     [71, 12, 69],
     [71, 13, 73],
     [71, 14, 47],
     [71, 19, 88],
     [71, 20, 68],
     [71, 21, 61],
     [71, 22, 36],
     [71, 23, 65],
     [71, 24, 48],
     [71, 27, 83],
     [71, 28, 65],
     [71, 29, 90],
     [71, 30, 54],
     [71, 31, 78],
     [71, 32, 74],
     [71, 33, 79],
     [71, 34, 71],
     [71, 35, 77],
     [71, 36, 59],
     [71, 37, 47],
     [71, 38, 63],
     [71, 39, 37],
     [71, 40, 60],
     [71, 41, 81],
     [71, 43, 70],
     [71, 44, 60],
     [71, 45, 56],
     [71, 47, 85],
     [71, 49, 73],
     [71, 50, 49],
     [71, 51, 87],
     [71, 52, 69],
     [71, 53, 73],
     [71, 54, 72],
     [71, 56, 46],
     [71, 58, 53],
     [71, 59, 89],
     [71, 60, 84],
     [71, 61, 53],
     [71, 62, 45],
     [71, 63, 78],
     [71, 65, 51],
     [71, 68, 89],
     [71, 70, 35],
     [72, 3, 32],
     [72, 4, 48],
     [72, 5, 38],
     [72, 6, 64],
     [72, 7, 58],
     [72, 8, 83],
     [72, 9, 75],
     [72, 11, 50],
     [72, 12, 44],
     [72, 14, 84],
     [72, 15, 67],
     [72, 19, 72],
     [72, 20, 55],
     [72, 21, 60],
     [72, 22, 76],
     [72, 26, 44],
     [72, 27, 80],
     [72, 29, 78],
     [72, 31, 40],
     [72, 32, 83],
     [72, 34, 59],
     [72, 35, 82],
     [72, 36, 82],
     [72, 37, 90],
     [72, 38, 60],
     [72, 39, 47],
     [72, 40, 68],
     [72, 41, 39],
     [72, 42, 71],
     [72, 43, 32],
     [72, 45, 74],
     [72, 46, 83],
     [72, 47, 43],
     [72, 49, 74],
     [72, 51, 35],
     [72, 52, 54],
     [72, 53, 36],
     [72, 55, 57],
     [72, 56, 64],
     [72, 58, 55],
     [72, 61, 48],
     [72, 62, 53],
     [72, 65, 78],
     [72, 66, 71],
     [72, 68, 51],
     [72, 71, 65],
     [73, 0, 79],
     [73, 2, 59],
     [73, 4, 40],
     [73, 5, 48],
     [73, 7, 66],
     [73, 8, 60],
     [73, 10, 77],
     [73, 11, 48],
     [73, 13, 85],
     [73, 14, 74],
     [73, 17, 37],
     [73, 19, 40],
     [73, 20, 33],
     [73, 21, 89],
     [73, 22, 61],
     [73, 25, 87],
     [73, 28, 37],
     [73, 31, 79],
     [73, 32, 31],
     [73, 33, 47],
     [73, 35, 79],
     [73, 38, 60],
     [73, 39, 62],
     [73, 40, 43],
     [73, 42, 58],
     [73, 43, 60],
     [73, 44, 51],
     [73, 45, 36],
     [73, 46, 48],
     [73, 48, 74],
     [73, 49, 44],
     [73, 50, 65],
     [73, 51, 30],
     [73, 52, 63],
     [73, 53, 82],
     [73, 54, 40],
     [73, 55, 35],
     [73, 56, 90],
     [73, 58, 30],
     [73, 59, 52],
     [73, 60, 41],
     [73, 61, 53],
     [73, 62, 75],
     [73, 66, 35],
     [73, 68, 65],
     [73, 69, 50],
     [73, 70, 54],
     [74, 0, 65],
     [74, 1, 72],
     [74, 3, 77],
     [74, 4, 75],
     [74, 6, 46],
     [74, 7, 62],
     [74, 8, 77],
     [74, 9, 64],
     [74, 11, 81],
     [74, 12, 37],
     [74, 13, 60],
     [74, 14, 85],
     [74, 15, 32],
     [74, 17, 40],
     [74, 18, 66],
     [74, 19, 72],
     [74, 20, 78],
     [74, 21, 62],
     [74, 22, 70],
     [74, 23, 44],
     [74, 24, 72],
     [74, 25, 70],
     [74, 27, 49],
     [74, 29, 66],
     [74, 30, 59],
     [74, 32, 55],
     [74, 33, 90],
     [74, 35, 36],
     [74, 36, 67],
     [74, 38, 48],
     [74, 39, 59],
     [74, 41, 55],
     [74, 43, 82],
     [74, 45, 79],
     [74, 46, 48],
     [74, 47, 37],
     [74, 48, 46],
     [74, 49, 69],
     [74, 50, 70],
     [74, 51, 46],
     [74, 52, 72],
     [74, 53, 80],
     [74, 55, 53],
     [74, 56, 31],
     [74, 57, 89],
     [74, 58, 39],
     [74, 59, 69],
     [74, 61, 74],
     [74, 62, 37],
     [74, 63, 73],
     [74, 64, 66],
     [74, 65, 33],
     [74, 68, 38],
     [74, 69, 76],
     [74, 70, 76],
     [74, 71, 59],
     [74, 72, 70],
     [74, 73, 72],
     [75, 2, 33],
     [75, 4, 78],
     [75, 5, 67],
     [75, 6, 49],
     [75, 7, 55],
     [75, 9, 56],
     [75, 10, 89],
     [75, 12, 63],
     [75, 16, 38],
     [75, 17, 34],
     [75, 19, 42],
     [75, 20, 40],
     [75, 23, 67],
     [75, 25, 56],
     [75, 27, 64],
     [75, 29, 41],
     [75, 31, 30],
     [75, 32, 49],
     [75, 33, 66],
     [75, 34, 62],
     [75, 39, 44],
     [75, 42, 36],
     [75, 43, 89],
     [75, 50, 40],
     [75, 53, 83],
     [75, 58, 49],
     [75, 63, 47],
     [75, 65, 53],
     [75, 66, 36],
     [75, 67, 51],
     [75, 68, 56],
     [75, 69, 84],
     [75, 70, 82],
     [75, 72, 49],
     [75, 73, 85],
     [76, 0, 35],
     [76, 2, 39],
     [76, 5, 59],
     [76, 6, 78],
     [76, 8, 78],
     [76, 9, 66],
     [76, 11, 40],
     [76, 13, 60],
     [76, 14, 67],
     [76, 15, 85],
     [76, 17, 34],
     [76, 20, 83],
     [76, 21, 50],
     [76, 22, 69],
     [76, 23, 33],
     [76, 24, 55],
     [76, 26, 39],
     [76, 28, 68],
     [76, 29, 73],
     [76, 31, 74],
     [76, 32, 63],
     [76, 33, 67],
     [76, 34, 46],
     [76, 35, 77],
     [76, 38, 79],
     [76, 39, 33],
     [76, 40, 46],
     [76, 41, 55],
     [76, 42, 78],
     [76, 43, 71],
     [76, 44, 61],
     [76, 46, 84],
     [76, 48, 34],
     [76, 49, 39],
     [76, 52, 69],
     [76, 53, 48],
     [76, 55, 61],
     [76, 56, 35],
     [76, 57, 59],
     [76, 59, 55],
     [76, 63, 78],
     [76, 64, 63],
     [76, 67, 50],
     [76, 69, 63],
     [76, 70, 55],
     [76, 71, 71],
     [76, 74, 90],
     [76, 75, 76],
     [77, 1, 74],
     [77, 3, 90],
     [77, 4, 35],
     [77, 5, 87],
     [77, 6, 57],
     [77, 7, 57],
     [77, 8, 53],
     [77, 9, 70],
     [77, 12, 40],
     [77, 13, 79],
     [77, 14, 87],
     [77, 15, 73],
     [77, 16, 42],
     [77, 17, 31],
     [77, 18, 40],
     [77, 19, 49],
     [77, 21, 78],
     [77, 23, 87],
     [77, 24, 73],
     [77, 25, 68],
     [77, 26, 34],
     [77, 29, 36],
     [77, 30, 44],
     [77, 31, 78],
     [77, 32, 48],
     [77, 34, 79],
     [77, 37, 69],
     [77, 38, 84],
     [77, 39, 62],
     [77, 40, 73],
     [77, 41, 66],
     [77, 42, 78],
     [77, 45, 84],
     [77, 48, 52],
     [77, 49, 74],
     [77, 50, 90],
     [77, 52, 77],
     [77, 53, 77],
     [77, 54, 52],
     [77, 55, 36],
     [77, 57, 64],
     [77, 58, 71],
     [77, 60, 58],
     [77, 61, 68],
     [77, 62, 34],
     [77, 63, 39],
     [77, 64, 66],
     [77, 66, 43],
     [77, 67, 87],
     [77, 71, 72],
     [77, 72, 86],
     [77, 73, 72],
     [77, 74, 77],
     [77, 76, 37],
     [78, 0, 32],
     [78, 1, 58],
     [78, 4, 65],
     [78, 6, 48],
     [78, 7, 54],
     [78, 8, 45],
     [78, 9, 60],
     [78, 10, 40],
     [78, 11, 89],
     [78, 12, 65],
     [78, 13, 57],
     [78, 15, 77],
     [78, 16, 72],
     [78, 19, 40],
     [78, 21, 69],
     [78, 25, 86],
     [78, 26, 45],
     [78, 27, 55],
     [78, 28, 90],
     [78, 29, 79],
     [78, 31, 66],
     [78, 33, 66],
     [78, 34, 47],
     [78, 35, 41],
     [78, 36, 45],
     [78, 37, 31],
     [78, 39, 59],
     [78, 40, 78],
     [78, 42, 66],
     [78, 43, 60],
     [78, 44, 31],
     [78, 45, 44],
     [78, 49, 30],
     [78, 52, 43],
     [78, 53, 84],
     [78, 54, 40],
     [78, 55, 31],
     [78, 56, 83],
     [78, 57, 31],
     [78, 58, 81],
     [78, 59, 70],
     [78, 64, 66],
     [78, 67, 47],
     [78, 69, 69],
     [78, 73, 41],
     [78, 74, 82],
     [78, 76, 60],
     [78, 77, 50],
     [79, 0, 56],
     [79, 1, 50],
     [79, 2, 38],
     [79, 3, 46],
     [79, 4, 49],
     [79, 5, 79],
     [79, 6, 55],
     [79, 7, 71],
     [79, 8, 86],
     [79, 9, 78],
     [79, 10, 34],
     [79, 11, 31],
     [79, 13, 65],
     [79, 14, 57],
     [79, 15, 88],
     [79, 16, 60],
     [79, 17, 42],
     [79, 18, 89],
     [79, 19, 41],
     [79, 20, 69],
     [79, 21, 73],
     [79, 22, 67],
     [79, 23, 33],
     [79, 26, 79],
     [79, 27, 66],
     [79, 28, 87],
     [79, 30, 54],
     [79, 31, 38],
     [79, 33, 83],
     [79, 34, 63],
     [79, 35, 56],
     [79, 37, 41],
     [79, 38, 49],
     [79, 39, 37],
     [79, 40, 76],
     [79, 41, 78],
     [79, 42, 88],
     [79, 44, 67],
     [79, 46, 86],
     [79, 49, 43],
     [79, 50, 81],
     [79, 52, 69],
     [79, 53, 81],
     [79, 55, 76],
     [79, 57, 48],
     [79, 60, 50],
     [79, 61, 58],
     [79, 63, 64],
     [79, 64, 79],
     [79, 65, 38],
     [79, 67, 53],
     [79, 69, 56],
     [79, 71, 31],
     [79, 73, 62],
     [79, 76, 56],
     [79, 77, 71],
     [80, 0, 82],
     [80, 1, 80],
     [80, 2, 85],
     [80, 3, 40],
     [80, 4, 35],
     [80, 5, 40],
     [80, 7, 77],
     [80, 8, 87],
     [80, 12, 70],
     [80, 14, 71],
     [80, 15, 57],
     [80, 16, 63],
     [80, 18, 43],
     [80, 19, 78],
     [80, 20, 40],
     [80, 21, 81],
     [80, 23, 74],
     [80, 25, 72],
     [80, 28, 87],
     [80, 29, 36],
     [80, 31, 67],
     [80, 32, 74],
     [80, 34, 48],
     [80, 35, 73],
     [80, 36, 59],
     [80, 37, 46],
     [80, 38, 84],
     [80, 41, 34],
     [80, 42, 50],
     [80, 43, 41],
     [80, 45, 35],
     [80, 46, 73],
     [80, 47, 66],
     [80, 48, 60],
     [80, 50, 32],
     [80, 51, 56],
     [80, 52, 87],
     [80, 58, 69],
     [80, 60, 62],
     [80, 62, 43],
     [80, 63, 87],
     [80, 64, 72],
     [80, 65, 87],
     [80, 67, 87],
     [80, 70, 76],
     [80, 73, 75],
     [80, 76, 63],
     [80, 77, 75],
     [80, 78, 84],
     [80, 79, 33],
     [81, 1, 56],
     [81, 3, 38],
     [81, 6, 65],
     [81, 7, 55],
     [81, 8, 41],
     [81, 9, 64],
     [81, 10, 59],
     [81, 17, 84],
     [81, 19, 86],
     [81, 21, 88],
     [81, 22, 54],
     [81, 23, 70],
     [81, 25, 70],
     [81, 26, 66],
     [81, 28, 58],
     [81, 29, 84],
     [81, 30, 34],
     [81, 31, 53],
     [81, 32, 70],
     [81, 33, 75],
     [81, 34, 63],
     [81, 36, 78],
     [81, 37, 58],
     [81, 38, 39],
     [81, 39, 58],
     [81, 40, 68],
     [81, 41, 34],
     [81, 42, 58],
     [81, 44, 89],
     [81, 45, 68],
     [81, 49, 50],
     [81, 50, 90],
     [81, 52, 56],
     [81, 53, 68],
     [81, 54, 84],
     [81, 55, 42],
     [81, 56, 52],
     [81, 57, 60],
     [81, 60, 63],
     [81, 61, 31],
     [81, 64, 69],
     [81, 66, 88],
     [81, 68, 41],
     [81, 69, 81],
     [81, 70, 81],
     [81, 71, 35],
     [81, 73, 60],
     [81, 74, 82],
     [81, 75, 65],
     [81, 76, 84],
     [81, 78, 37],
     [81, 79, 58],
     [81, 80, 58],
     [82, 0, 83],
     [82, 1, 58],
     [82, 2, 79],
     [82, 3, 35],
     [82, 4, 75],
     [82, 5, 56],
     [82, 6, 43],
     [82, 7, 64],
     [82, 8, 48],
     [82, 9, 85],
     [82, 11, 74],
     [82, 12, 63],
     [82, 14, 73],
     [82, 15, 35],
     [82, 17, 30],
     [82, 18, 83],
     [82, 19, 63],
     [82, 21, 87],
     [82, 24, 80],
     [82, 25, 60],
     [82, 26, 41],
     [82, 27, 67],
     [82, 28, 34],
     [82, 29, 87],
     [82, 30, 47],
     [82, 31, 39],
     [82, 33, 76],
     [82, 34, 37],
     [82, 35, 43],
     [82, 36, 53],
     [82, 39, 58],
     [82, 40, 44],
     [82, 43, 88],
     [82, 44, 86],
     [82, 45, 63],
     [82, 46, 66],
     [82, 47, 55],
     [82, 48, 48],
     [82, 50, 49],
     [82, 51, 57],
     [82, 52, 61],
     [82, 53, 49],
     [82, 54, 68],
     [82, 55, 65],
     [82, 56, 69],
     [82, 57, 76],
     [82, 59, 70],
     [82, 60, 84],
     [82, 61, 47],
     [82, 62, 44],
     [82, 63, 69],
     [82, 64, 33],
     [82, 66, 74],
     [82, 69, 76],
     [82, 70, 53],
     [82, 72, 32],
     [82, 74, 36],
     [82, 75, 69],
     [82, 76, 61],
     [82, 77, 66],
     [82, 78, 44],
     [82, 80, 84],
     [82, 81, 81],
     [83, 0, 78],
     [83, 1, 63],
     [83, 2, 90],
     [83, 3, 46],
     [83, 4, 88],
     [83, 5, 31],
     [83, 6, 75],
     [83, 8, 81],
     [83, 9, 46],
     [83, 10, 83],
     [83, 11, 66],
     [83, 12, 69],
     [83, 13, 50],
     [83, 14, 71],
     [83, 16, 44],
     [83, 17, 33],
     [83, 18, 43],
     [83, 20, 69],
     [83, 22, 73],
     [83, 23, 41],
     [83, 24, 57],
     [83, 25, 72],
     [83, 26, 31],
     [83, 27, 81],
     [83, 28, 37],
     [83, 30, 88],
     [83, 31, 63],
     [83, 33, 78],
     [83, 34, 75],
     [83, 35, 54],
     [83, 36, 43],
     [83, 38, 37],
     [83, 39, 52],
     [83, 40, 77],
     [83, 41, 62],
     [83, 42, 32],
     [83, 43, 39],
     [83, 45, 35],
     [83, 46, 87],
     [83, 48, 61],
     [83, 49, 30],
     [83, 50, 48],
     [83, 52, 45],
     [83, 53, 38],
     [83, 55, 30],
     [83, 56, 36],
     [83, 59, 84],
     [83, 60, 76],
     [83, 61, 52],
     [83, 63, 85],
     [83, 64, 75],
     [83, 65, 61],
     [83, 66, 67],
     [83, 67, 48],
     [83, 68, 40],
     [83, 71, 79],
     [83, 72, 84],
     [83, 73, 42],
     [83, 74, 67],
     [83, 76, 58],
     [83, 77, 62],
     [83, 79, 75],
     [83, 80, 60],
     [83, 81, 36],
     [84, 0, 63],
     [84, 1, 78],
     [84, 2, 39],
     [84, 3, 36],
     [84, 5, 46],
     [84, 6, 66],
     [84, 7, 45],
     [84, 8, 56],
     [84, 11, 50],
     [84, 12, 52],
     [84, 13, 56],
     [84, 14, 88],
     [84, 15, 34],
     [84, 16, 67],
     [84, 17, 66],
     [84, 18, 78],
     [84, 19, 68],
     [84, 20, 68],
     [84, 21, 89],
     [84, 22, 47],
     [84, 23, 86],
     [84, 25, 82],
     [84, 26, 53],
     [84, 29, 66],
     [84, 30, 35],
     [84, 31, 75],
     [84, 32, 74],
     [84, 33, 61],
     [84, 34, 51],
     [84, 35, 67],
     [84, 36, 56],
     [84, 37, 82],
     [84, 38, 51],
     [84, 40, 57],
     [84, 41, 52],
     [84, 44, 67],
     [84, 45, 48],
     [84, 46, 78],
     [84, 47, 57],
     [84, 48, 64],
     [84, 49, 78],
     [84, 50, 65],
     [84, 51, 32],
     [84, 52, 80],
     [84, 53, 44],
     [84, 56, 63],
     [84, 57, 81],
     [84, 58, 74],
     [84, 59, 39],
     [84, 62, 87],
     [84, 64, 45],
     [84, 67, 78],
     [84, 68, 70],
     [84, 69, 63],
     [84, 70, 47],
     [84, 71, 61],
     [84, 72, 83],
     [84, 73, 73],
     [84, 74, 81],
     [84, 79, 69],
     [84, 80, 81],
     [84, 81, 47],
     [84, 82, 50],
     [84, 83, 62],
     [85, 1, 58],
     [85, 2, 57],
     [85, 3, 90],
     [85, 4, 60],
     [85, 6, 40],
     [85, 7, 63],
     [85, 9, 88],
     [85, 12, 90],
     [85, 13, 32],
     [85, 14, 66],
     [85, 16, 68],
     [85, 17, 38],
     [85, 18, 51],
     [85, 19, 57],
     [85, 22, 87],
     [85, 23, 60],
     [85, 25, 88],
     [85, 26, 79],
     [85, 28, 61],
     [85, 29, 76],
     [85, 30, 84],
     [85, 31, 85],
     [85, 32, 64],
     [85, 35, 67],
     [85, 36, 40],
     [85, 38, 75],
     [85, 41, 37],
     [85, 42, 87],
     [85, 44, 76],
     [85, 46, 76],
     [85, 48, 57],
     [85, 49, 90],
     [85, 51, 89],
     [85, 53, 49],
     [85, 54, 40],
     [85, 57, 44],
     [85, 60, 61],
     [85, 61, 40],
     [85, 63, 47],
     [85, 64, 41],
     [85, 67, 85],
     [85, 68, 60],
     [85, 69, 59],
     [85, 70, 31],
     [85, 72, 88],
     [85, 73, 38],
     [85, 74, 58],
     [85, 75, 88],
     [85, 76, 30],
     [85, 79, 64],
     [85, 81, 73],
     [85, 83, 30],
     [85, 84, 86],
     [86, 1, 60],
     [86, 2, 40],
     [86, 3, 87],
     [86, 4, 82],
     [86, 6, 43],
     [86, 7, 72],
     [86, 8, 71],
     [86, 9, 86],
     [86, 10, 49],
     [86, 12, 63],
     [86, 13, 54],
     [86, 15, 63],
     [86, 16, 38],
     [86, 18, 33],
     [86, 19, 58],
     [86, 20, 66],
     [86, 21, 78],
     [86, 25, 74],
     [86, 26, 31],
     [86, 28, 66],
     [86, 29, 34],
     [86, 30, 32],
     [86, 31, 62],
     [86, 32, 50],
     [86, 35, 33],
     [86, 36, 30],
     [86, 38, 71],
     [86, 39, 80],
     [86, 40, 80],
     [86, 41, 44],
     [86, 43, 72],
     [86, 44, 89],
     [86, 45, 69],
     [86, 46, 68],
     [86, 47, 71],
     [86, 48, 58],
     [86, 50, 81],
     [86, 53, 36],
     [86, 54, 30],
     [86, 55, 32],
     [86, 56, 65],
     [86, 59, 85],
     [86, 61, 43],
     [86, 63, 89],
     [86, 65, 82],
     [86, 66, 81],
     [86, 67, 67],
     [86, 71, 45],
     [86, 72, 61],
     [86, 73, 70],
     [86, 74, 58],
     [86, 75, 80],
     [86, 77, 62],
     [86, 79, 37],
     [86, 80, 32],
     [86, 81, 87],
     [86, 82, 32],
     [86, 83, 66],
     [87, 1, 76],
     [87, 2, 30],
     [87, 3, 62],
     [87, 5, 79],
     [87, 7, 84],
     [87, 8, 36],
     [87, 9, 47],
     [87, 11, 46],
     [87, 12, 81],
     [87, 14, 75],
     [87, 15, 79],
     [87, 19, 50],
     [87, 20, 68],
     [87, 21, 50],
     [87, 22, 50],
     [87, 25, 38],
     [87, 26, 90],
     [87, 27, 75],
     [87, 28, 44],
     [87, 29, 83],
     [87, 30, 54],
     [87, 31, 71],
     [87, 33, 57],
     [87, 35, 88],
     [87, 36, 48],
     [87, 38, 72],
     [87, 40, 52],
     [87, 42, 68],
     [87, 47, 67],
     [87, 49, 70],
     [87, 50, 42],
     [87, 52, 52],
     [87, 53, 38],
     [87, 54, 73],
     [87, 55, 73],
     [87, 56, 84],
     [87, 57, 59],
     [87, 58, 58],
     [87, 59, 49],
     [87, 61, 66],
     [87, 62, 60],
     [87, 63, 59],
     [87, 65, 72],
     [87, 66, 43],
     [87, 69, 67],
     [87, 70, 53],
     [87, 72, 37],
     [87, 73, 37],
     [87, 74, 45],
     [87, 75, 32],
     [87, 76, 31],
     [87, 77, 70],
     [87, 78, 73],
     [87, 80, 70],
     [87, 81, 55],
     [87, 82, 88],
     [87, 83, 67],
     [87, 84, 75],
     [88, 2, 82],
     [88, 3, 54],
     [88, 4, 71],
     [88, 5, 70],
     [88, 7, 69],
     [88, 8, 56],
     [88, 10, 43],
     [88, 11, 67],
     [88, 15, 37],
     [88, 16, 41],
     [88, 18, 62],
     [88, 19, 72],
     [88, 20, 78],
     [88, 22, 37],
     [88, 24, 49],
     [88, 25, 51],
     [88, 26, 53],
     [88, 30, 62],
     [88, 31, 71],
     [88, 32, 69],
     [88, 33, 30],
     [88, 34, 55],
     [88, 37, 82],
     [88, 39, 70],
     [88, 40, 64],
     [88, 41, 47],
     [88, 42, 69],
     [88, 43, 64],
     [88, 45, 37],
     [88, 47, 81],
     [88, 48, 63],
     [88, 49, 57],
     [88, 50, 58],
     [88, 51, 53],
     [88, 52, 79],
     [88, 54, 59],
     [88, 56, 71],
     [88, 59, 46],
     [88, 60, 44],
     [88, 64, 83],
     [88, 65, 77],
     [88, 67, 65],
     [88, 69, 47],
     [88, 70, 38],
     [88, 71, 56],
     [88, 72, 48],
     [88, 73, 56],
     [88, 74, 43],
     [88, 76, 50],
     [88, 77, 30],
     [88, 78, 85],
     [88, 79, 44],
     [88, 80, 59],
     [88, 81, 88],
     [88, 82, 62],
     [88, 86, 62],
     [88, 87, 88],
     [89, 0, 46],
     [89, 1, 90],
     [89, 2, 45],
     [89, 6, 31],
     [89, 7, 32],
     [89, 12, 76],
     [89, 13, 80],
     [89, 16, 54],
     [89, 17, 63],
     [89, 20, 46],
     [89, 21, 66],
     [89, 22, 45],
     [89, 23, 84],
     [89, 24, 43],
     [89, 25, 89],
     [89, 27, 86],
     [89, 30, 47],
     [89, 32, 74],
     [89, 33, 69],
     [89, 34, 35],
     [89, 35, 80],
     [89, 36, 70],
     [89, 37, 66],
     [89, 39, 48],
     [89, 40, 48],
     [89, 41, 31],
     [89, 42, 82],
     [89, 43, 35],
     [89, 44, 62],
     [89, 45, 57],
     [89, 47, 77],
     [89, 49, 89],
     [89, 50, 33],
     [89, 52, 61],
     [89, 53, 84],
     [89, 55, 38],
     [89, 56, 81],
     [89, 57, 44],
     [89, 58, 47],
     [89, 60, 61],
     [89, 61, 76],
     [89, 62, 72],
     [89, 64, 39],
     [89, 65, 33],
     [89, 66, 74],
     [89, 67, 31],
     [89, 68, 75],
     [89, 69, 59],
     [89, 70, 36],
     [89, 71, 89],
     [89, 72, 50],
     [89, 74, 63],
     [89, 75, 47],
     [89, 78, 39],
     [89, 79, 89],
     [89, 80, 57],
     [89, 81, 60],
     [89, 82, 73],
     [89, 85, 58],
     [89, 87, 83],
     [89, 88, 62],
     [90, 0, 39],
     [90, 1, 71],
     [90, 2, 33],
     [90, 3, 39],
     [90, 4, 56],
     [90, 5, 83],
     [90, 6, 86],
     [90, 7, 30],
     [90, 8, 73],
     [90, 10, 51],
     [90, 12, 70],
     [90, 14, 69],
     [90, 15, 84],
     [90, 16, 55],
     [90, 17, 30],
     [90, 19, 43],
     [90, 20, 44],
     [90, 21, 80],
     [90, 22, 40],
     [90, 23, 59],
     [90, 25, 86],
     [90, 27, 38],
     [90, 28, 47],
     [90, 29, 77],
     [90, 30, 40],
     [90, 31, 48],
     [90, 32, 30],
     [90, 33, 71],
     [90, 34, 40],
     [90, 36, 75],
     [90, 37, 62],
     [90, 41, 78],
     [90, 44, 80],
     [90, 45, 64],
     [90, 46, 57],
     [90, 48, 39],
     [90, 50, 50],
     [90, 51, 53],
     [90, 53, 81],
     [90, 55, 43],
     [90, 57, 49],
     [90, 58, 61],
     [90, 60, 55],
     [90, 61, 64],
     [90, 63, 81],
     [90, 64, 81],
     [90, 66, 58],
     [90, 67, 43],
     [90, 68, 75],
     [90, 69, 50],
     [90, 70, 37],
     [90, 72, 51],
     [90, 73, 80],
     [90, 76, 39],
     [90, 81, 79],
     [90, 82, 35],
     [90, 83, 43],
     [90, 84, 73],
     [90, 88, 39],
     [91, 0, 83],
     [91, 1, 60],
     [91, 2, 68],
     [91, 4, 85],
     [91, 5, 41],
     [91, 6, 73],
     [91, 7, 32],
     [91, 8, 52],
     [91, 10, 39],
     [91, 11, 32],
     [91, 12, 46],
     [91, 14, 33],
     [91, 15, 33],
     [91, 16, 44],
     [91, 19, 69],
     [91, 20, 85],
     [91, 21, 57],
     [91, 22, 41],
     [91, 23, 67],
     [91, 24, 60],
     [91, 25, 35],
     [91, 26, 76],
     [91, 27, 30],
     [91, 28, 31],
     [91, 29, 34],
     [91, 31, 70],
     [91, 32, 66],
     [91, 33, 47],
     [91, 34, 89],
     [91, 35, 30],
     [91, 37, 32],
     [91, 38, 48],
     [91, 40, 70],
     [91, 42, 38],
     [91, 44, 74],
     [91, 46, 86],
     [91, 47, 30],
     [91, 49, 86],
     [91, 50, 41],
     [91, 51, 56],
     [91, 52, 82],
     [91, 54, 78],
     [91, 56, 54],
     [91, 57, 71],
     [91, 60, 73],
     [91, 61, 62],
     [91, 66, 40],
     [91, 68, 33],
     [91, 70, 30],
     [91, 71, 60],
     [91, 73, 79],
     [91, 74, 39],
     [91, 75, 57],
     [91, 76, 51],
     [91, 77, 60],
     [91, 79, 60],
     [91, 80, 83],
     [91, 81, 54],
     [91, 82, 51],
     [91, 86, 50],
     [91, 87, 69],
     [91, 90, 59],
     [92, 0, 86],
     [92, 1, 75],
     [92, 2, 51],
     [92, 3, 50],
     [92, 6, 77],
     [92, 7, 68],
     [92, 8, 90],
     [92, 9, 75],
     [92, 10, 81],
     [92, 11, 65],
     [92, 12, 52],
     [92, 13, 47],
     [92, 14, 37],
     [92, 16, 71],
     [92, 17, 44],
     [92, 18, 75],
     [92, 19, 41],
     [92, 22, 57],
     [92, 24, 47],
     [92, 25, 57],
     [92, 26, 45],
     [92, 27, 59],
     [92, 28, 55],
     [92, 29, 61],
     [92, 32, 42],
     [92, 34, 46],
     [92, 35, 51],
     [92, 36, 53],
     [92, 37, 35],
     [92, 38, 58],
     [92, 39, 31],
     [92, 40, 49],
     [92, 42, 75],
     [92, 45, 80],
     [92, 46, 60],
     [92, 47, 55],
     [92, 48, 58],
     [92, 49, 40],
     [92, 50, 72],
     [92, 51, 89],
     [92, 52, 53],
     [92, 56, 81],
     [92, 57, 50],
     [92, 58, 75],
     [92, 59, 56],
     [92, 61, 89],
     [92, 64, 64],
     [92, 65, 52],
     [92, 67, 73],
     [92, 68, 32],
     [92, 70, 36],
     [92, 71, 78],
     [92, 72, 64],
     [92, 73, 36],
     [92, 74, 69],
     [92, 75, 76],
     [92, 76, 38],
     [92, 78, 67],
     [92, 79, 30],
     [92, 82, 46],
     [92, 83, 57],
     [92, 84, 78],
     [92, 85, 78],
     [92, 86, 73],
     [92, 87, 60],
     [92, 90, 83],
     [92, 91, 62],
     [93, 0, 33],
     [93, 3, 48],
     [93, 4, 76],
     [93, 5, 39],
     [93, 6, 36],
     [93, 7, 80],
     [93, 9, 52],
     [93, 10, 68],
     [93, 11, 68],
     [93, 12, 62],
     [93, 13, 47],
     [93, 14, 34],
     [93, 15, 78],
     [93, 17, 56],
     [93, 22, 41],
     [93, 25, 50],
     [93, 26, 70],
     [93, 27, 71],
     [93, 28, 67],
     [93, 31, 52],
     [93, 32, 88],
     [93, 33, 52],
     [93, 35, 69],
     [93, 36, 72],
     [93, 37, 86],
     [93, 41, 40],
     [93, 43, 89],
     [93, 44, 59],
     [93, 45, 54],
     [93, 46, 86],
     [93, 47, 70],
     [93, 48, 35],
     [93, 49, 72],
     [93, 51, 34],
     [93, 52, 32],
     [93, 53, 62],
     [93, 54, 52],
     [93, 55, 60],
     [93, 56, 64],
     [93, 59, 66],
     [93, 63, 73],
     [93, 64, 85],
     [93, 65, 78],
     [93, 66, 32],
     [93, 67, 72],
     [93, 68, 53],
     [93, 70, 44],
     [93, 71, 47],
     [93, 72, 63],
     [93, 73, 77],
     [93, 76, 77],
     [93, 78, 48],
     [93, 79, 76],
     [93, 81, 70],
     [93, 82, 83],
     [93, 84, 57],
     [93, 85, 64],
     [93, 87, 65],
     [93, 88, 40],
     [93, 89, 90],
     [93, 92, 80],
     [94, 0, 88],
     [94, 2, 74],
     [94, 3, 75],
     [94, 4, 60],
     [94, 6, 90],
     [94, 7, 61],
     [94, 8, 73],
     [94, 10, 87],
     [94, 11, 34],
     [94, 13, 81],
     [94, 14, 39],
     [94, 15, 62],
     [94, 19, 72],
     [94, 21, 72],
     [94, 22, 61],
     [94, 23, 52],
     [94, 25, 45],
     [94, 27, 76],
     [94, 28, 46],
     [94, 32, 54],
     [94, 33, 74],
     [94, 36, 90],
     [94, 37, 43],
     [94, 38, 62],
     [94, 39, 33],
     [94, 40, 59],
     [94, 41, 50],
     [94, 42, 75],
     [94, 43, 46],
     [94, 44, 77],
     [94, 45, 87],
     [94, 46, 78],
     [94, 48, 35],
     [94, 49, 43],
     [94, 51, 67],
     [94, 52, 50],
     [94, 53, 35],
     [94, 54, 34],
     [94, 55, 66],
     [94, 58, 76],
     [94, 60, 89],
     [94, 61, 36],
     [94, 62, 88],
     [94, 64, 38],
     [94, 65, 52],
     [94, 66, 84],
     [94, 68, 47],
     [94, 69, 40],
     [94, 72, 78],
     [94, 76, 79],
     [94, 77, 69],
     [94, 78, 46],
     [94, 79, 52],
     [94, 80, 42],
     [94, 82, 37],
     [94, 83, 42],
     [94, 84, 43],
     [94, 85, 31],
     [94, 86, 30],
     [94, 87, 60],
     [94, 88, 37],
     [94, 90, 82],
     [94, 91, 54],
     [95, 0, 56],
     [95, 1, 73],
     [95, 4, 45],
     [95, 5, 54],
     [95, 7, 46],
     [95, 9, 63],
     [95, 13, 63],
     [95, 14, 69],
     [95, 16, 39],
     [95, 17, 80],
     [95, 18, 32],
     [95, 21, 71],
     [95, 22, 37],
     [95, 24, 71],
     [95, 25, 33],
     [95, 27, 74],
     [95, 29, 42],
     [95, 30, 73],
     [95, 31, 68],
     [95, 32, 48],
     [95, 34, 64],
     [95, 37, 62],
     [95, 38, 69],
     [95, 40, 63],
     [95, 43, 52],
     [95, 44, 71],
     [95, 45, 38],
     [95, 48, 44],
     [95, 49, 45],
     [95, 50, 72],
     [95, 51, 30],
     [95, 52, 60],
     [95, 53, 53],
     [95, 54, 73],
     [95, 55, 55],
     [95, 56, 86],
     [95, 57, 36],
     [95, 60, 78],
     [95, 61, 62],
     [95, 63, 47],
     [95, 65, 43],
     [95, 69, 79],
     [95, 70, 53],
     [95, 71, 65],
     [95, 72, 68],
     [95, 74, 48],
     [95, 75, 38],
     [95, 77, 42],
     [95, 78, 43],
     [95, 79, 84],
     [95, 80, 81],
     [95, 82, 89],
     [95, 83, 69],
     [95, 85, 49],
     [95, 86, 74],
     [95, 88, 70],
     [95, 89, 67],
     [95, 91, 66],
     [95, 92, 83],
     [96, 0, 46],
     [96, 1, 53],
     [96, 3, 59],
     [96, 4, 79],
     [96, 6, 59],
     [96, 7, 90],
     [96, 10, 74],
     [96, 11, 37],
     [96, 13, 44],
     [96, 15, 43],
     [96, 17, 81],
     [96, 18, 84],
     [96, 20, 82],
     [96, 22, 74],
     [96, 25, 46],
     [96, 26, 71],
     [96, 27, 51],
     [96, 28, 57],
     [96, 29, 88],
     [96, 31, 40],
     [96, 32, 62],
     [96, 33, 68],
     [96, 34, 69],
     [96, 37, 40],
     [96, 39, 56],
     [96, 41, 54],
     [96, 42, 63],
     [96, 43, 83],
     [96, 44, 38],
     [96, 45, 72],
     [96, 46, 45],
     [96, 47, 64],
     [96, 48, 51],
     [96, 50, 32],
     [96, 52, 41],
     [96, 53, 82],
     [96, 54, 53],
     [96, 55, 64],
     [96, 56, 52],
     [96, 57, 60],
     [96, 58, 75],
     [96, 61, 38],
     [96, 62, 53],
     [96, 64, 72],
     [96, 65, 31],
     [96, 67, 81],
     [96, 68, 86],
     [96, 69, 79],
     [96, 71, 37],
     [96, 72, 40],
     [96, 74, 42],
     [96, 75, 70],
     [96, 79, 87],
     [96, 81, 54],
     [96, 82, 45],
     [96, 85, 70],
     [96, 86, 75],
     [96, 87, 83],
     [96, 89, 44],
     [96, 90, 39],
     [96, 91, 65],
     [96, 92, 58],
     [96, 93, 55],
     [97, 1, 77],
     [97, 2, 58],
     [97, 3, 88],
     [97, 5, 46],
     [97, 6, 67],
     [97, 9, 42],
     [97, 10, 52],
     [97, 11, 82],
     [97, 12, 49],
     [97, 13, 83],
     [97, 15, 70],
     [97, 16, 49],
     [97, 17, 53],
     [97, 19, 74],
     [97, 22, 56],
     [97, 25, 37],
     [97, 26, 59],
     [97, 31, 85],
     [97, 37, 42],
     [97, 38, 83],
     [97, 39, 48],
     [97, 40, 49],
     [97, 42, 57],
     [97, 44, 55],
     [97, 46, 43],
     [97, 47, 49],
     [97, 48, 76],
     [97, 50, 39],
     [97, 51, 63],
     [97, 52, 85],
     [97, 54, 31],
     [97, 55, 50],
     [97, 57, 47],
     [97, 58, 53],
     [97, 59, 37],
     [97, 65, 75],
     [97, 66, 34],
     [97, 67, 32],
     [97, 68, 68],
     [97, 69, 80],
     [97, 73, 31],
     [97, 74, 64],
     [97, 76, 50],
     [97, 77, 57],
     [97, 78, 45],
     [97, 79, 52],
     [97, 82, 90],
     [97, 83, 63],
     [97, 84, 77],
     [97, 85, 70],
     [97, 86, 61],
     [97, 87, 34],
     [97, 89, 40],
     [97, 90, 56],
     [97, 91, 69],
     [97, 92, 57],
     [97, 95, 46],
     [97, 96, 90],
     [98, 0, 52],
     [98, 2, 43],
     [98, 3, 74],
     [98, 4, 79],
     [98, 5, 81],
     [98, 6, 87],
     [98, 7, 62],
     [98, 8, 84],
     [98, 9, 68],
     [98, 11, 46],
     [98, 14, 80],
     [98, 15, 54],
     [98, 16, 58],
     [98, 19, 88],
     [98, 20, 89],
     [98, 21, 83],
     [98, 22, 30],
     [98, 23, 85],
     [98, 24, 37],
     [98, 25, 32],
     [98, 26, 50],
     [98, 27, 41],
     [98, 28, 75],
     [98, 29, 51],
     [98, 30, 70],
     [98, 31, 71],
     [98, 35, 44],
     [98, 38, 78],
     [98, 41, 69],
     [98, 42, 87],
     [98, 47, 31],
     [98, 50, 53],
     [98, 52, 55],
     [98, 53, 64],
     [98, 54, 73],
     [98, 55, 31],
     [98, 56, 46],
     [98, 57, 71],
     [98, 59, 61],
     [98, 61, 59],
     [98, 62, 39],
     [98, 65, 59],
     [98, 66, 81],
     [98, 67, 84],
     [98, 68, 41],
     [98, 69, 67],
     [98, 70, 37],
     [98, 71, 79],
     [98, 72, 35],
     [98, 74, 52],
     [98, 77, 44],
     [98, 78, 52],
     [98, 79, 42],
     [98, 80, 37],
     [98, 81, 54],
     [98, 83, 75],
     [98, 84, 77],
     [98, 85, 46],
     [98, 86, 49],
     [98, 88, 58],
     [98, 91, 65],
     [98, 92, 30],
     [98, 93, 35],
     [98, 94, 52],
     [98, 95, 87],
     [99, 0, 87],
     [99, 2, 39],
     [99, 3, 44],
     [99, 4, 52],
     [99, 6, 71],
     [99, 10, 59],
     [99, 11, 72],
     [99, 12, 41],
     [99, 13, 55],
     [99, 14, 49],
     [99, 15, 46],
     [99, 18, 44],
     [99, 19, 51],
     [99, 21, 90],
     [99, 22, 42],
     [99, 23, 49],
     [99, 24, 48],
     [99, 26, 54],
     [99, 29, 86],
     [99, 32, 68],
     [99, 35, 55],
     [99, 36, 66],
     [99, 39, 59],
     [99, 40, 45],
     [99, 41, 37],
     [99, 42, 56],
     [99, 44, 60],
     [99, 45, 54],
     [99, 46, 68],
     [99, 47, 49],
     [99, 48, 41],
     [99, 49, 34],
     [99, 51, 51],
     [99, 53, 75],
     [99, 55, 83],
     [99, 56, 47],
     [99, 57, 50],
     [99, 58, 59],
     [99, 59, 54],
     [99, 60, 89],
     [99, 62, 37],
     [99, 63, 63],
     [99, 64, 72],
     [99, 65, 46],
     [99, 66, 88],
     [99, 68, 83],
     [99, 70, 51],
     [99, 72, 77],
     [99, 73, 75],
     [99, 74, 70],
     [99, 75, 78],
     [99, 76, 79],
     [99, 77, 76],
     [99, 79, 79],
     [99, 81, 41],
     [99, 82, 42],
     [99, 83, 63],
     [99, 84, 75],
     [99, 86, 42],
     [99, 87, 69],
     [99, 88, 55],
     [99, 91, 78],
     [99, 92, 41],
     [99, 93, 56],
     [99, 94, 60],
     [99, 95, 31],
     [99, 96, 37],
     [99, 97, 81],
     [99, 98, 59]
]
